50 50
00000000000000000000000000000000000000000000000000
00000000000000000000000000000000000000000000000000
00000000000000000000000000000000000000000000000000
00000000000000000000000000000000000000000000000000
00000000000000000000000000000000000000000000000000
00000000000000000000000000000000000000000000000000
00000000000000000000000000000000000000000000000000
00000000000000000000000000000000000000000000000000
00000000000000000000000000000000000000000000000000
00000000000000000000000000000000000000000000000000
00000000000000000000000000000000000000000000000000
00000000000000000000000000000000000000000000000000
00000000000000000000000000000000000000000000000000
00000000000000000000000000000000000000000000000000
00000000000000000000000000000000000000000000000000
00000000000000000000000000000000000000000000000000
00000000000000000000000000000000000000000000000000
00000000000000000000000000000000000000000000000000
00000000000000000000000000000000000000000000000000
00000000000000000000000000000000000000000000000000
00000000000000000000000000000000000000000000000000
00000000000000000000000000000000000000000000000000
00000000000000000000000000000000000000000000000000
00000000000000000000000000000000000000000000000000
00000000000000000000000000000000000000000000000000
00000000000000000000000000000000000000000000000000
00000000000000000000000000000000000000000000000000
00000000000000000000000000000000000000000000000000
00000000000000000000000000000000000000000000000000
00000000000000000000000000000000000000000000000000
00000000000000000000000000000000000000000000000000
00000000000000000011100000000001110000000000000000
00000000000000000010010000000010010000000000000000
00000000000000000010000000000000010000000000000000
00000000000000000010001000000100010000000000000000
00000000000000000010001000000100010000000000000000
00000000000000000001000100001000100000000000000000
00000000000000000000000010010000000000000000000000
00000000000000000000000001100000000000000000000000
00000000000000000000001010010100000000000000000000
00000000000000000000001000000100000000000000000000
00000000000000000000000110011000000000000000000000
00000000000000000000011000000110000000000000000000
00000000000000000000111010010111000000000000000000
00000000000000000001100100001001100000000000000000
00000000000000000001010000000010100000000000000000
00000000000000000000111000000111000000000000000000
00000000000000000000111000000111000000000000000000
00000000000000000000110000000011000000000000000000
00000000000000000000000000000000000000000000000000
